Country,Year,SuicidesNo,Population,Suicides/100kPop,GdpPerCapital($)
Albania,264660,956,30706067,446.38,388020
Argentina,385440,48927,585500629,1955.730000000001,1780188
Armenia,357492,1004,43460973,557.4100000000001,499376
Aruba,288792,84,1104162,1172.5399999999997,3601524
Australia,361380,36380,300068154,2095.100000000001,8368092
Austria,405600,22919,133790725,3866.2899999999986,8835548
Azerbaijan,144204,763,45872700,151.10999999999996,102384
Bahamas,337092,63,4351838,219.64000000000001,5243868
Bahrain,361260,412,13992902,374.17999999999984,3780180
Belarus,264936,29867,101312892,3963.969999999999,642372
Belgium,385440,32083,161701279,3615.86,7926036
Belize,385440,273,4236301,1436.1699999999998,920280
Bosnia and Herzegovina,48300,318,7327481,110.81,121860
Brazil,385440,144389,2808548096,1151.1199999999997,1582272
Bulgaria,361260,14726,109451958,2735.9500000000003,967308
Cabo Verde,24132,42,452179,133.84,49488
Canada,337092,52448,435601804,1847.7300000000005,6900216
Chile,385440,28885,244813888,2442.560000000001,2089764
Colombia,385440,35387,648358046,1196.1999999999998,1024008
Costa Rica,361260,4291,59909934,1296.1399999999994,1291644
Croatia,405600,13535,70205351,4357.229999999998,2381942
Cuba,385440,24096,170452524,3366.5099999999998,1007988
Cyprus,333528,411,10750729,584.6899999999999,4776276
Czech Republic,405600,25816,166696725,3246.99,3352010
Denmark,385440,10140,82631019,2409.509999999997,10439328
Ecuador,385440,13190,204772832,1290.5499999999993,851280
El Salvador,361260,7031,81563074,1740.7300000000002,552336
Estonia,385440,4428,20425806,4385.82,2636652
Fiji,264816,304,8187391,673.8600000000001,516552
Finland,385440,15867,80310930,3552.949999999999,8404872
France,361260,154742,868519982,3301.7100000000028,7177620
Georgia,313284,1714,52727450,622.1500000000002,406164
Germany,385440,164279,1254622212,2570.0899999999997,7581300
Greece,385440,6642,168798259,723.6199999999999,4416132
Guatemala,385440,5603,190894286,636.3100000000002,573732
Guyana,313092,2449,8708922,4709.899999999999,386292
Hungary,405600,41998,161143099,5568.46,2416916
Iceland,405600,636,4840102,2537.1200000000003,10209016
Ireland,361260,7267,59453115,1956.5,9291792
Israel,385440,6293,104756041,1412.6900000000005,5742600
Italy,385440,64169,900220734,1382.9699999999998,6398460
Jamaica,240612,153,24836008,82.63,530376
Japan,385440,460105,1928017744,4084.0799999999995,7875588
Kazakhstan,385440,61468,230586569,5562.539999999999,1479948
Kuwait,361260,699,41357025,209.00000000000009,6388968
Kyrgyzstan,385440,7719,75726887,2215.580000000001,165252
Latvia,385440,8336,33082340,4980.9000000000015,2089908
Lithuania,405600,19888,51274200,7660.639999999999,2257960
Luxembourg,385440,944,7403051,2622.150000000002,18427896
Malta,385440,401,6217803,1181.22,3760800
Mauritius,405600,1863,19045309,1939.9200000000008,1541896
Mexico,385440,75542,1624788730,994.6199999999999,1858212
Mongolia,20160,423,2167589,184.39,41450
Montenegro,240540,472,5834863,1194.0299999999997,503472
Netherlands,405600,27447,262193969,1956.1600000000012,9453360
New Zealand,337092,7105,54422230,2190.8899999999994,5068068
Nicaragua,144900,2013,31742633,472.82000000000005,146076
Norway,385440,8596,71736842,2214.959999999999,15301992
Panama,385440,2554,50056628,1145.6599999999996,1587540
Paraguay,361260,3611,79056944,909.3099999999998,516420
Philippines,240684,17397,760216417,336.8800000000001,209880
Poland,385440,95232,579337529,2932.4100000000003,2037828
Portugal,289080,12200,119479079,1666.89,2934252
Puerto Rico,385440,4308,55899640,1572.8999999999999,4870044
Qatar,333540,574,21407096,318.1499999999998,11849940
Republic of Korea,385440,194847,748093836,6824.379999999999,4002024
Romania,405600,43643,340074063,2458.1300000000006,1386648
Russian Federation,385440,649026,2171906920,6016.9400000000005,1721232
Saint Lucia,337176,120,2166728,1143.1799999999996,1221144
Saint Vincent and Grenadines,385440,83,1589427,1161.07,1172892
Serbia,385440,21148,111798305,4135.67,904392
Seychelles,361440,86,1219816,1375.5400000000002,2171508
Singapore,385440,5354,54831541,2406.1700000000014,10451472
Slovakia,337128,7810,71739010,1852.3299999999995,2317008
Slovenia,385440,7649,30842919,4980.58,4008336
South Africa,385440,6615,717688925,199.93999999999997,1163832
Spain,385440,55002,673262424,1658.3499999999997,5403384
Sri Lanka,120144,22706,87219412,1806.2400000000007,65676
Suriname,361260,1573,6881013,4537.309999999998,1131804
Sweden,405600,19826,147542918,2624.18,10094140
Switzerland,385440,19358,116559615,3438.940000000001,13098816
Thailand,381588,65582,954855671,1323.1199999999992,897998
Trinidad and Tobago,288792,1847,14486472,1918.4799999999987,1989936
Turkey,169008,10131,482640582,199.17000000000004,1019280
Turkmenistan,385440,4806,70747464,1303.5800000000008,782604
Ukraine,361284,156200,662220784,4419.1100000000015,430356
United Arab Emirates,144540,622,36502275,94.88999999999997,3035664
United Kingdom,385440,68815,925960697,1299.7699999999995,8146224
United States,385440,575514,4508454430,2485.52,9537960
Uruguay,361308,8333,46571743,3877.3599999999997,1784772
Uzbekistan,289008,19680,293989116,982.16,170292
